28
35
40
50
53
56
58
52
48
39
36
33
30
37
44
49
56
54
53
49
45
37
32
33
38
43
43
47
51
53
53
52
46
36
30
34
36
31
40
45
52
52
52
49
47
37
34
24
25
37
42
45
54
53
52
50
46
38
34
36
36
36
43
49
51
55
53
50
43
39
33
32
34
35
41
47
53
51
53
49
45
33
32
32
32
39
37
46
55
54
51
53
43
35
34
36
37
38
42
44
54
55
55
51
44
38
37
34
28
38
41
42
54
54
55
50
47
37
34
36
28
32
39
45
53
57
57
52
50
33
34
33
30
34
37
50
55
52
56
51
45
38
36
36
36
37
41
47
49
56
54
53
46
38
42
34
34
37
42
46
48
56
54
48
46
37
36
35
33
39
39
46
54
56
55
51
43
37
35
38
37
37
43
47
51
53
53
48
42
38
40
37
35
35
42
46
53
58
60
49
46
39
40
36
36
36
43
47
56
59
56
50
44
37
31
31
32
39
39
46
50
57
53
49
48
37
37
31
25
39
39
49
53
54
55
51
49
42
35
27
29
33
40
45
55
56
53
51
47
38
36
32
35
35
44
49
53
54
55
53
42
38
38
35
34
38
41
48
51
55
57
52
39
40
26
29
36
37
43
46
52
58
55
50
45
39
34
38
29
39
38
44
52
60
59
49
45
40
38
29
35
36
42
46
54
58
57
49
45
40
37
29
33
35
41
46
49
55
53
50
46
33
36
32
26
35
37
47
54
54
50
49
46
40
36
29
33
33
44
46
48
56
54
49
42
38
36
34
35
37
41
47
56
54
54
51
44
39
42
42
37
38
39
49
52
60
55
51
47
39
31
38
38
42
42
49
52
56
57
50
47
38
35
33
32
40
41
49
49
59
57
51
44
39
37
35
38
40
41
50
56
55
52
50
40
38
33
36
40
38
43
46
53
53
52
48
40
34
33
35
32
37
41
44
52
57
54
49
44
44
38
34
35
34
41
46
54
58
59
50
48
41
28
37
32
35
42
43
53
56
57
51
48
36
33
33
37
42
44
47
51
57
59
51
45
43
38
36
44
40
39
49
50
54
55
53
43
37
37
36
35
39
44
49
52
58
53
54
46
42
33
38
37
41
41
48
51
55
55
52
45
39
37
32
33
34
40
50
51
56
55
50
51
41
34
37
36
39
44
48
53
55
58
52
42
41
37
35
34
42
45
48
55
59
58
51
43
42
36
36
35
39
44
49
54
54
58
52
44
41
38
38
36
40
42
55
53
48
38
37
35
35
34
40
46
55
60
55
55
48
42
37
39
38
40
48
47
53
55
54
50
47
41
35
36
38
36
39
49
51
57
55
51
43
38
34
34
35
40
44
47
53
55
56
53
47
39
29
29
29
35
43
45
54
55
54
50
45
34
25
34
36
38
48
47
50
54
52
53
48
44
35
36
39
44
39
46
49
54
56
50
41
38
34
34
34
31
39
47
53
60
56
51
47
37
39
37
37
41
45
49
55
58
52
54
47
41
35
34
35
39
43
45
51
54
55
51
45
41
40
35
33
39
39
49
54
56
55
55
44
35
41
36
37
40
43
49
54
55
55
51
49
37
35
34
33
34
42
51
57
60
54
50
45
40
37
33
