72
53
25
52
37
25
81
100
98
158
48
102
117
88
50
43
71
43
50
94
135
43
71
138
75
40
97
57
67
126
48
111
90
73
125
31
33
29
57
53
56
55
37
106
91
39
55
89
72
27
34
80
53
60
73
31
125
61
89
56
49
80
51
49
94
109
26
74
50
122
123
118
104
85
109
43
110
40
31
70
98
137
79
49
71
56
48
63
80
29
107
39
66
120
44
81
123
65
47
60
131
62
22
58
42
42
76
49
67
91
46
60
59
91
92
119
86
68
95
48
103
20
50
54
54
56
55
46
36
52
88
56
185
76
62
54
97
64
30
47
13
29
63
91
57
36
22
69
65
32
58
42
80
46
73
99
285
50
77
19
51
51
45
49
50
99
126
120
173
36
32
72
39
43
73
68
88
31
72
31
106
31
58
19
105
11
38
20
180
182
61
57
85
65
118
65
61
50
21
73
63
126
145
73
96
69
98
43
42
56
52
93
57
28
99
191
71
18
109
78
83
52
83
72
39
93
68
151
120
71
74
7
28
96
71
76
67
105
92
74
80
47
79
12
53
36
48
12
164
129
102
75
97
76
116
29
49
58
32
153
152
258
162
129
148
87
59
61
111
67
34
23
92
87
18
159
169
83
143
11
21
47
30
16
105
109
244
77
118
19
60
68
70
86
76
154
104
58
71
106
154
54
65
44
110
61
46
114
14
60
99
150
36
29
67
57
70
84
76
51
56
104
64
47
124
83
96
56
36
20
146
96
71
130
53
40
68
125
127
40
37
45
12
70
69
73
36
76
143
209
79
29
48
91
32
43
43
124
53
108
70
66
62
71
38
129
57
31
58
144
114
51
62
57
116
53
43
42
43
126
93
73
86
76
162
32
60
75
106
31
49
45
107
173
45
84
124
113
149
73
12
46
32
42
72
83
70
88
155
84
65
43
75
21
42
20
181
146
78
59
96
97
41
62
43
16
48
51
33
113
121
53
22
124
71
0
95
90
50
45
42
35
122
102
82
41
54
184
39
88
95
35
74
130
98
97
106
55
47
63
64
55
51
33
165
73
62
197
100
88
54
122
32
42
92
74
115
160
164
123
67
82
63
33
17
43
78
92
49
170
67
70
115
133
57
41
87
61
121
86
33
155
163
64
83
39
51
44
72
21
43
9
25
34
85
107
92
49
56
92
70
54
45
177
47
159
35
62
127
67
70
73



58
38
135
154
43
84
63
94
17
65
39
16
66
95
124
111
129
100
82
71
19
80
103
129
81
45
32
118
68
184
82
95
64
22
53
72
73
59
104
70
65
88
39
86
39
72
80
88
82
43
111
170
30
60
16
38
51
27
43
93
81
119
86
172
38
56
97
70
21
129
75
117
138
86
83
94
110
91
20
15
136
44
78
78
66
41
79
48
116
81
43
53
64
94
25
78
24
25
94
86
188
189
137
53
46
58
63
84
181
19
175
147
99
116
46
68
46
65
42
105
86
32
53
99
317
239
63
56
59
32
110
67
51
71
60
75
74
52
75
55
32
37
68
47
52
89
60
72
34
64
43
75
46
34
49
64
56
83
84
192
64
50
