48
60
185
132
191
185
159
115
100
96
37
22
23
92
81
119
162
204
113
104
81
71
60
18
56
43
123
121
152
93
75
151
75
119
33
26
43
106
79
151
130
188
107
89
100
88
40
36
42
76
127
88
127
220
176
150
153
104
44
27
40
85
86
91
144
174
187
108
123
61
57
12
56
46
87
97
268
118
217
131
92
51
40
60
45
71
44
181
188
166
96
137
88
87
53
39
24
79
95
64
154
153
98
147
115
65
61
49
39
61
64
177
167
161
105
157
79
65
28
43
38
35
85
152
156
218
119
121
86
109
30
37
57
41
98
88
195
271
134
137
138
48
49
39
44
54
82
84
137
177
153
129
84
96
56
36
39
61
90
197
206
171
153
58
119
62
73
33
24
60
104
121
190
154
198
93
83
67
79
38
16
76
119
102
142
154
80
146
92
81
47
42
81
46
69
169
134
144
143
181
73
88
45
30
48
97
89
149
254
136
128
102
55
76
20
47
27
62
79
80
150
105
117
260
95
56
88
26
21
66
131
124
231
131
160
70
83
79
57
37
28
63
134
116
205
232
173
139
132
55
45
33
34
69
90
113
144
186
126
115
80
67
57
51
37
48
69
161
183
179
148
106
111
98
32
35
54
86
98
131
158
158
163
117
89
79
87
38
37
65
127
142
160
142
113
128
75
76
29
38
55
33
83
157
134
108
91
77
102
50
49
16
40
96
138
152
205
163
257
186
115
83
56
44
50
71
129
160
167
148
119
102
81
96
63
10
44
80
63
161
208
276
114
111
116
65
45
45
53
58
101
127
149
119
161
108
103
75
35
35
96
45
75
122
208
174
165
189
153
130
42
20
42
90
85
125
172
246
117
139
123
70
55
53
46
50
78
88
161
147
105
140
95
81
58
63
48
75
116
182
174
177
124
129
73
96
48
55
66
107
81
114
183
153
155
93
128
81
46
43
40
60
59
90
158
136
142
120
140
75
64
34
67
56
101
162
103
124
108
125
69
89
87
54
19
18
106
90
191
112
175
97
101
84
74
40
52
63
98
110
114
194
109
115
91
90
43
74
34
82
95
143
132
187
106
145
85
42
47
39
29
90
72
159
79
203
146
154
88
78
53
37
36
118
133
132
139
213
113
165
70
81
52
51
19
46
73
114
185
123
200
94
128
82
57
16
31
32
90
129
120
155
189
155
118
111
49
17
36
90
107
161
134
159
143
146
92
61
78
38
14
49
81
196
170
177
124
117
89
70
47
19
14
81
111
120
229
237
164
177
104
62
57
39
32
19
57
110
91
111
213
217
63
40
50
60
53
53
54
127
206
210
197
184
80
84
69
37
48
61
73
101
192
163
142
109
84
67
44
34
55
77
70
112
134
178
121
130
128
61
51
40
33
33
75
177
230
91
95
100
56
71
54
34
46
79
84
175
168
124
140
153
92
106
42
51
51
48
122
163
198
117
152
123
95
41
41
33
28
68
53
119
106
150
203
185
81
67
55
32
42
53
60
184
218
168
211
174
81
64
24
25
60
64
103
109
158
153
105
91
80
77
71
26
44
80
93
96
117
193
115
110
141
86
42
29
51
63
97
130
184
84
154
123
123
67
61
30
23
74
72
89
171
205
92
131
105
81
83
38
25
47
91
130
191
185
266
132
76
67
66
40
18
44
73
154
190
128
220
114
92
49
59
29
36
64
63
146
132
120
135
131
149
58
48
38
63
40
72
81
206
175
112
139
101
67
34
32
22
34
100
88
104
117
113
128
89
93
60
37
36
50
72
116
176
134
154
91
89
70
21
31
45
45
85
142
172
228
170
247
111
58
55
56
9
71
57
60
145
200
173
155
142
69
71
37
24
48
87
93
170
116
179
154
142
103
30
23
34
29
62
117
166
107
101
127
103
96
55
36
33
81
87
126
136
134
159
132
110
69
58
39
66
49
81
124
236
106
173
127
79
70
37
44
50
72
107
115
237
105
131
124
89
46
41
67
28
47
98
132
115
119
99
134
121
85
42
32
62
105
164
189
139
181
121
206
114
125
41
49
29
95
80
97
202
109
130
148
99
66
46
43
41
84
77
151
185
133
146
170
114
37
68
42
30
67
75
158
166
184
234
118
109
55
45
32
40
64
103
193
153
107
115
123
116
97
43
39
12
76
89
96
167
114
128
49
49
70
54
51
29
43
88
116
165
134
94
90
82
65
28
31
59
52
73
135
143
140
69
115
97
75
64
66
49
37
70
198
120
93
161
72
72
30
46
17
44
51
129
82
183
58
60
113
91
83
44
37
18
85
64
100
119
127
185
74
67
41
67
19
11
16
85
109
81
109
179
121
91
46
36
31
37
71
74
186
122
106
82
105
79
79
23
9
16
65
80
128
153
127
81
119
61
75
71
21
61
30
104
150
201
122
114
110
71
44
74
51
28
80
66
84
199
215
158
85
72
81
37
28
67
