36
39
38
44
46
53
56
55
51
46
41
36
35
35
37
42
46
52
53
55
50
44
32
36
41
34
33
42
46
49
55
56
51
45
42
34
32
30
34
37
48
52
55
56
52
41
43
33
33
40
38
41
50
50
54
55
46
45
37
39
34
32
32
41
52
52
53
54
50
43
33
37
36
38
39
41
47
52
53
53
50
47
43
36
40
37
40
43
46
53
57
53
51
50
37
40
34
35
38
37
46
51
51
52
49
43
40
38
40
37
41
40
44
50
58
53
49
45
35
35
37
36
34
40
47
52
54
53
50
46
41
42
39
36
38
41
48
54
57
55
48
47
34
33
37
39
40
44
45
52
58
56
51
41
38
38
37
36
40
40
46
48
57
55
49
46
39
32
37
39
38
43
48
49
54
54
49
45
42
34
32
30
40
39
48
51
55
54
52
44
40
38
37
32
36
43
48
54
55
56
52
46
38
37
34
35
35
42
48
51
55
53
48
44
42
40
40
36
37
39
46
53
56
56
50
42
40
40
33
36
41
44
50
56
59
57
54
46
38
35
37
39
36
41
47
54
59
54
53
46
39
43
37
37
41
42
46
54
56
56
50
44
39
32
34
33
40
40
48
54
55
56
54
45
38
38
38
36
33
45
50
53
56
57
50
46
39
33
38
38
44
42
46
52
53
56
52
46
44
37
34
38
39
43
49
54
55
57
52
43
42
35
27
34
37
42
50
56
54
54
48
46
41
36
29
33
36
39
45
53
56
54
54
46
40
38
31
29
36
44
47
52
54
56
51
46
38
40
36
41
40
46
47
52
55
54
50
46
40
36
39
35
39
46
47
52
57
56
49
44
38
37
30
40
42
44
48
53
57
56
52
49
43
37
33
38
38
44
48
50
55
53
52
45
42
34
34
27
32
41
50
54
57
61
52
48
40
38
36
37
43
43
48
52
56
53
51
45
41
38
38
38
38
45
47
54
57
57
56
48
40
39
37
35
41
40
48
55
56
55
50
45
37
31
35
34
34
39
46
52
56
54
52
46
43
37
31
35
40
44
51
51
56
55
47
43
35
34
37
37
39
40
51
55
55
55
53
45
43
40
35
31
38
42
49
52
53
53
48
47
39
39
32
30
34
46
45
52
60
59
53
43
42
37
33
31
40
40
48
52
56
51
53
46
40
40
37
35
44
44
47
54
57
55
49
46
41
37
33
35
35
42
46
53
57
56
55
47
40
35
30
37
42
43
51
55
56
58
53
51
41
38
35
33
40
45
51
56
55
55
51
48
40
34
34
40
43
45
48
52
54
54
54
47
40
32
35
37
33
42
47
51
54
54
51
47
38
33
28
27
39
43
46
55
55
54
51
47
41
35
36
37
37
44
51
53
55
55
52
44
41
34
34
35
37
43
48
54
52
54
50
48
36
35
34
36
41
40
48
56
55
53
53
45
38
37
37
38
40
43
45
54
55
56
52
46
39
37
36
30
39
43
45
55
55
55
52
50
40
35
37
30
33
41
48
53
56
57
52
51
35
34
34
32
36
40
50
57
54
57
53
47
40
37
37
38
38
42
48
50
57
55
54
48
39
42
36
37
40
44
47
49
56
54
49
48
37
39
36
36
40
41
48
55
56
56
52
45
38
36
39
38
39
43
48
52
54
54
49
42
40
42
40
37
37
44
45
54
58
61
50
47
39
38
39
37
37
44
48
55
59
58
51
47
39
31
32
35
40
41
47
51
57
55
51
50
38
39
33
32
39
40
50
52
54
55
53
50
43
35
28
31
36
41
44
54
55
54
50
48
39
37
32
38
36
45
48
52
54
55
53
44
40
39
36
35
41
43
49
52
55
56
53
41
42
28
32
38
39
45
48
54
58
55
52
46
41
35
40
33
40
40
47
53
61
58
51
46
41
40
33
36
38
43
47
54
58
58
51
47
43
38
31
34
36
43
48
50
55
53
52
47
34
39
33
28
38
38
47
54
55
51
48
46
42
38
30
35
36
45
46
50
56
55
50
44
40
38
37
37
39
42
48
55
54
55
51
46
38
42
41
39
40
40
49
53
59
56
51
48
40
36
40
40
43
42
50
52
57
57
49
48
40
36
33
33
42
42
48
49
59
57
52
46
40
36
36
38
41
43
51
56
55
54
52
41
39
35
38
39
39
44
47
54
54
52
49
42
36
35
36
33
39
41
46
52
57
54
50
45
45
39
35
38
36
43
48
54
59
60
52
51
42
32
38
34
37
43
44
53
56
58
53
48
37
34
34
39
42
44
48
52
58
60
52
46
44
39
37
42
42
42
51
52
55
55
54
45
39
38
37
38
40
45
51
52
58
56
55
46
42
35
37
38
42
42
50
52
56
56
54
46
40
38
35
35
35
42
51
52
57
55
52
52
42
36
39
39
41
44
49
53
55
59
53
44
42
38
36
36
42
47
49
56
59
59
53
44
43
37
37
37
40
45
51
55
56
59
53
46
42
39
40
37
42
44
47
55
57
56
54
50
39
37
37
37
36
43
49
56
62
56
57
51
43
39
40
39
41
48
49
55
56
56
52
48
42
37
39
39
39
42
53
53
58
57
52
45
41
35
35
36
40
46
49
56
58
57
53
48
42
32
31
33
39
44
47
56
56
55
53
46
37
27
34
39
39
49
49
52
55
55
53
49
45
38
37
38
44
41
49
52
55
57
51
43
40
36
36
35
33
41
47
54
61
57
52
50
38
40
38
38
41
47
50
56
58
54
54
48
43
37
36
36
39
43
46
52
55
55
51
47
44
42
37
36
40
41
50
56
56
57
55
47
37
42
37
39
42
44
52
55
56
55
52
49
39
36
36
34
36
44
51
57
60
56
51
46
43
40
36