42
37
36
35
42
46
47
53
52
49
45
46
41
41
41
39
40
46
49
54
53
48
43
42
41
40
35
41
41
46
54
57
56
53
47
43
42
41
42
39
41
45
50
55
55
52
46
42
44
40
37
41
41
45
49
53
54
51
45
44
38
36
37
40
40
46
51
56
55
52
46
43
40
39
36
35
43
48
50
53
54
50
48
41
38
40
39
43
43
44
50
53
55
51
48
43
40
36
41
41
42
47
50
53
55
53
45
42
39
35
36
37
40
48
53
52
51
48
46
41
39
34
36
37
40
44
50
55
53
52
46
42
41
35
35
36
43
46
49
53
54
51
45
43
42
38
41
42
43
47
51
53
52
51
49
42
41
39
38
38
42
45
50
54
55
50
47
40
39
34
40
43
43
47
51
54
55
53
49
45
41
40
37
39
43
47
50
55
54
53
47
43
41
38
31
32
41
48
51
56
58
52
48
40
40
36
39
42
43
45
50
52
51
50
44
43
43
39
40
37
43
46
50
54
53
54
48
45
39
41
37
41
41
46
51
54
56
51
46
40
34
37
37
36
39
44
48
51
53
51
48
43
40
34
37
39
44
47
48
52
52
47
45
38
39
40
37
42
40
46
51
54
54
52
49
45
43
38
37
39
42
47
50
52
53
49
45
42
40
36
33
37
43
43
49
55
55
53
45
44
36
35
36
38
40
47
48
52
51
51
46
44
40
40
37
42
43
45
49
53
52
49
46
43
39
36
34
35
41
44
50
53
53
54
49
45
39
33
40
42
44
47
51
55
54
52
50
44
41
37
37
40
43
48
52
54
54
52
47
42
39
38
40
42
42
46
50
53
54
52
49
42
36
39
38
35
41
45
50
51
52
50
48
40
38
34
35
40
42
45
52
52
53
50
47
41
38
41
39
40
43
47
50
52
50
48
46
43
37
37
39
37
42
44
50
50
52
51
49
37
35
36
35
39
40
46
52
52
53
51
47
40
38
38
40
40
41
45
49
53
53
52
45
43
39
36
34
39
41
43
50
52
53
52
47
42
39
39
32
35
41
45
51
53
56
50
49
37
38
37
34
36
40
47
52
51
54
51
46
40
40
39
40
39
42
48
48
52
53
51
47
40
42
39
39
41
43
47
49
53
52
49
48
41
42
42
37
42
39
45
49
53
52
50
44
39
37
41
40
40
44
47
50
52
54
51
44
42
40
39
40
38
40
44
48
52
55
50
48
43
40
37
39
38
42
46
51
55
55
49
48
43
36
37
37
41
40
45
48
52
53
49
49
41
42
37
34
40
40
47
50
51
52
50
47
42
38
33
34
36
41
43
50
51
52
49
47
41
39
37
38
37
43
46
52
53
53
52
44
40
39
36
37
39
41
46
49
52
53
53
43
41
33
37
40
40
43
46
50
54
54
50
48
43
39
39
37
40
40
45
49
53
53
50
46
43
40
35
39
38
42
46
50
53
55
50
47
44
42
36
37
38
41
45
49
54
54
49
49
37
38
36
35
40
40
47
50
53
52
48
46
43
39
36
37
37
44
45
48
54
53
51
47
43
42
39
38
38
40
47
51
54
53
52
47
42
43
43
39
40
42
47
50
53
53
51
47
43
40
41
40
41
42
47
51
53
55
50
48
43
39
39
37
42
43
46
48
56
56
50
47
43
41
41
41
40
42
48
53
53
53
51
44
42
39
38
40
40
43
46
48
50
51
50
44
42
37
37
37
37
41
44
49
55
54
49
45
45
40
37
37
37
41
44
50
53
55
52
49
43
37
41
36
38
43
43
50
52
55
52
48
38
38
40
39
41
41
45
50
55
58
52
46
45
42
40
42
40
42
47
49
52
52
53
45
42
41
39
37
41
43
46
50
53
54
54
48
44
37
40
39
40
41
48
48
52
54
52
49
44
40
40
35
37
41
47
49
53
54
51
51
42
39
41
38
40
44
48
54
54
57
54
45
44
41
39
40
44
45
47
53
58
57
53
45
45
40
39
39
42
45
48
51
53
56
52
48
43
42
40
39
40
44
45
50
54
54
52
49
43
41
42
40
36
41
46
51
57
56
55
49
45
44
40
40
42
46
46
51
53
53
49
49
42
41
39
41
39
43
49
51
56
56
54
46
42
41
40
38
42
46
48
52
56
56
53
47
45
39
36
35
41
43
45
51
55
54
51
47
38
34
39
39
40
47
48
51
53
54
53
48
48
39
39
41
44
41
45
49
52
55
50
45
43
38
39
38
37
41
46
51
54
55
51
48
43
42
41
41
43
45
48
52
56
55
54
49
47
40
39
40
41
43
45
48
52
55
53
50
45
43
38
37
42
42
47
51
54
54
54
49
42
45
41
41
42
43
49
52
54
55
53
49
41
40
38
38
37
43
49
52
57
55
51
47
46
42
39