13
30
53
136
135
123
175
67
164
120
78
31
5
27
60
72
132
185
202
123
90
96
73
40
19
20
34
97
87
75
230
141
123
122
68
36
7
16
33
102
121
185
181
79
130
131
78
37
5
21
51
116
113
156
112
163
95
83
44
33
23
25
29
62
165
217
240
145
87
98
76
27
7
12
59
127
117
129
139
66
123
90
59
38
15
15
37
59
103
125
136
122
229
91
64
21
4
43
44
90
164
115
214
73
127
104
109
26
14
28
49
74
116
216
158
132
106
74
64
40
13
38
56
114
114
149
154
104
122
75
70
18
13
17
48
59
185
140
95
104
69
101
72
24
12
25
46
100
98
152
115
177
152
119
51
43
8
16
61
87
64
119
101
91
122
110
62
28
11
34
50
89
121
170
150
104
81
138
29
37
14
37
59
106
111
171
139
110
150
115
60
30
14
15
52
104
147
222
133
228
172
145
56
42
10
29
40
108
148
272
120
120
75
106
86
41
9
15
55
91
137
136
220
149
89
79
73
29
29
21
60
86
179
216
130
216
154
129
52
50
24
22
43
79
135
232
160
85
101
97
53
23
13
39
42
84
153
77
104
117
106
102
87
42
11
19
61
111
162
128
130
124
115
113
69
25
22
8
45
80
139
174
110
106
111
112
73
32
11
18
89
91
163
219
240
198
99
115
85
16
15
19
65
59
150
162
189
104
124
53
47
21
11
35
57
40
147
192
151
76
95
104
68
40
25
19
57
105
153
143
141
137
90
108
70
50
17
42
35
98
115
171
237
134
102
122
68
38
10
43
62
68
86
175
130
160
121
123
63
30
28
22
39
73
116
118
152
86
123
88
62
35
9
26
30
96
184
110
148
91
141
78
59
40
18
37
83
81
95
170
166
174
114
91
43
19
18
25
38
71
94
150
163
111
96
105
50
35
16
27
39
95
138
93
109
180
113
89
59
29
22
15
62
84
194
155
121
147
192
74
58
30
18
23
37
89
120
140
185
121
98
37
70
21
12
28
78
77
150
144
167
134
112
83
59
23
8
13
61
94
120
105
185
118
158
87
47
41
10
13
72
72
182
123
231
126
74
82
55
46
24
11
41
91
152
179
181
146
126
124
93
28
11
15
40
69
112
109
165
150
121
84
59
41
11
17
61
78
141
135
115
109
139
68
73
27
13
16
44
124
108
133
191
163
161
136
83
41
16
30
91
103
106
165
223
104
117
104
61
39
9
15
30
82
112
158
130
159
165
102
59
50
22
37
65
74
159
197
113
103
181
110
37
30
13
20
66
109
156
173
132
85
84
84
66
31
8
16
62
91
105
118
123
96
93
106
41
49
18
24
36
53
158
216
132
94
53
81
81
18
8
14
43
75
137
109
136
90
91
71
60
23
12
22
51
109
110
221
150
133
116
97
41
19
4
19
23
70
99
75
168
139
89
51
54
11
9
26
28
75
137
135
124
73
179
69
94
22
5
32
54
95
112
143
130
138
151
132
78
38
22
27
92
80
155
136
148
108
130
114
67
20
16
25
73
81
81
176
118
116
139
152
58
34
11
34
58
99
152
159
145
127
97
90
44
21
8
18
43
101
136
209
189
146
156
130
56
49
13
21
46
84
152
163
88
133
113
116
46
31
19
34
43
68
165
144
149
134
122
132
50
31
7
14
48
74
105
233
236
138
124
51
88
26
13
10
25
83
128
156
124
86
90
115
47
36
18
15
54
102
151
252
138
144
144
124
78
30
14
25
87
105
126
156
184
166
133
104
81
29
28
12
43
56
112
200
117
94
76
124
57
57
41
45
51
70
93
172
129
132
202
109
72
11
28
22
34
74
170
200
203
83
86
63
84
58
21
34
67
111
148
206
111
125
155
89
60
32
13
30
68
86
119
223
152
88
109
92
92
59
16
41
85
121
159
186
139
95
123
71
56
24
31
22
72
123
120
170
196
129
116
89
100
41
11
42
70
105
147
149
110
169
175
124
106
52
24
38
47
119
112
125
137
137
195
137
62
33
24
24
71
88
128
170
135
110
100
90
71
49
15
34
52
89
181
253
141
146
106
50
78
35
16
29
50
118
112
183
121
79
118
93
57
37
26
30
42
136
152
222
95
133
154
77
69
30
18
34
48
89
120
236
240
115
122
106
57
33
28
39
80
103
111
197
72
163
84
140
82
37
32
28
49
83
164
164
142
64
121
108
79
29
13
22
44
72
109
228
153
106
91
100
72
49
23
29
60
115
170
141
112
92
98
61
46
34
8
12
41
96
103
119
68
100
170
60
69
39
13
14
41
102
132
120
92
119
124
61
57
27
25
35
87
84
157
183
199
81
92
107
127
48
12
12
56
79
136
158
80
184
129
69
52
34
25
25
71
90
148
219
147
131
178
119
78
29
20
38
