1.372002
1.336288
1.378816
1.312333
1.303313
1.317197
1.269791
1.298475
1.330331
1.279003
1.295692
1.277879
1.300728
1.271939
1.318249
1.256277
1.277078
1.302268
1.245745
1.283411
1.265384
1.297374
1.330324
1.298139
1.265441
1.297894
1.303072
1.288832
1.291588
1.322496
1.335044
1.240705
1.282182
1.264265
1.291361
1.268206
1.256074
1.287417
1.298027
1.321947
1.252171
1.180018
1.541217
1.36595
1.320274
1.300377
1.313905
1.34883
1.32986
0.624426
0.96942
1.410318
1.291692
1.321383
1.353995
1.252152
1.301048
1.322646
1.326204