122
108
138
18
71
68
55
93
9
31
87
137
139
111
21
81
97
43
38
76
86
136
101
92
73
136
77
85
64
21
30
43
86
61
124
90
63
130
86
84
83
86
35
54
89
105
155
77
129
88
117
96
56
24
52
144
109
122
166
94
154
111
91
62
37
27
26
112
63
58
108
76
105
149
102
68
43
55
118
49
47
67
92
62
102
154
61
101
40
108
105
72
41
61
175
157
123
138
91
76
69
28
41
93
75
32
54
128
63
40
56
126
112
42
29
42
101
120
63
140
94
29
89
40
40
44
26
63
56
64
70
142
129
126
52
57
32
89
58
68
65
123
145
83
140
116
106
75
97
82
29
84
101
117
80
130
82
116
71
62
67
69
68
50
47
63
112
116
117
94
106
70
89
110
53
48
78
74
91
76
116
120
94
83
90
26
108
90
113
103
29
148
150
96
68
49
108
15
61
40
1
124
66
135
94
122
90
68
77
47
48
82
55
143
147
111
146
165
91
90
83
35
28
43
66
71
113
169
148
105
129
85
69
36
102
89
111
142
156
126
83
132
144
63
112
8
36
101
135
66
63
152
176
118
52
156
45
97
93
46
136
102
95
73
147
107
103
46
73
49
18
127
117
84
89
173
128
95
138
67
55
36
119
80
68
163
131
154
156
86
77
40
76
51
47
21
23
94
122
58
124
132
34
59
42
66
62
98
60
61
124
92
137
133
111
111
58
62
64
75
81
106
159
105
120
143
59
42
41
100
17
94
88
113
122
69
100
96
31
41
76
37
69
58
52
34
97
142
185
56
132
22
74
39
71
34
26
76
75
128
118
84
84
96
74
61
83
55
54
119
175
129
77
170
116
100
46
56
58
36
139
131
95
77
108
40
27
94
75
78
36
55
44
123
115
217
53
74
59
47
71
99
69
123
122
86
99
131
255
191
56
59
69
45
61
40
100
105
124
93
195
107
100
140
34
126
74
61
35
87
140
109
189
116
125
193
128
86
59
85
89
142
184
120
164
143
120
108
55
72
89
36
38
73
122
49
91
178
93
77
68
58
74
107
49
170
94
120
150
150
135
146
54
47
65
92
50
133
187
159
84
160
90
118
61
90
30
47
58
108
127
189
166
82
77
68
120
45
79
26
93
43
84
231
115
96
150
86
103
75
94
43
131
136
88
236
186
134
93
44
2
55
38
83
47
94
91
128
197
183
21
74
108
42
68
47
77
138
59
116
157
160
100
106
75
40
64
41
25
47
134
143
86
122
66
115
93
46
55
50
68
121
116
148
147
156
85
89
23
40
67
65
24
161
99
171
63
133
55
175
128
117
89
74
131
180
112
200
157
90
91
89
37
10
47
29
69
163
104
152
194
156
81
139
51
56
83
38
67
135
248
236
116
87
47
135
37
82
10
74
141
181
114
187
121
202
61
133
81
35
71
69
64
114
212
90
187
142
90
82
75
27
52
36
34
147
173
110
123
67
70
94
147
57
15
55
111
70
69
177
156
149
11
126
36
106
38
75
77
133
156
182
194
124
51
188
37
40
56
44
78
97
246
113
94
104
143
132
63
53
13
156
108
97
177
129
129
144
250
146
58
67
42
80
89
74
130
56
90
183
199
191
143
44
134
54
108
126
136
94
117
136
56
121
46
33
56
104
58
121
158
190
120
106
147
115
95
75
32
58
127
112
77
208
123
227
115
124
76
46
47
51
53
38
100
64
180
242
75
206
89
34
100
25
86
141
109
141
210
165
134
154
63
31
34
55
50
139
114
110
232
45
119
71
59
52
33
85
59
49
143
171
108
67
175
152
110
50
41
32
76
87
101
108
97
105
215
145
51
31
105
76
79
117
182
161
170
139
203
94
77
87
89
53
74
144
156
151
274
157
161
158
84
43
78
28
88
146
145
182
140
80
140
95
65
30
54
79
88
71
122
160
150
170
161
95
55
70
63
57
55
44
94
144
120
199
53
73
31
87
90
40
54
112
126
120
147
152
104
93
77
62
87
39
121
94
126
138
153
194
117
122
71
81
95
58
89
142
142
153
108
93
111
112
93
54
74
69
70
92
184
205
165
195
154
108
59
59
12
105
118
129
70
147
90
219
97
117
67
7
81
101
77
60
180
120
133
118
136
131
45
69
40
67
119
77
164
216
102
114
143
87
72
39
21
140
94
101
93
117
65
94
139
60
32
115
60
61
114
84
117
129
241
162
100
74
93
72
49
75
133
112
87
123
158
98
65
28
84
54
66
43
86
149
134
165
165
190
124
89
65
61
27
37
184
115
182
116
159
302
127
109
67
131
59
68
94
89
128
157
190
187
120
79
55
46
48
115
108
110
56
133
159
116
99
133
81
36
86
64
107
133
235
165
159
160
62
93
38
35
30
64
66
171
140
85
121
136
