59
92
78
164
201
247
120
129
132
94
53
63
65
71
111
155
215
124
176
122
127
143
47
57
101
60
93
170
193
209
207
171
172
110
58
28
54
120
78
131
209
221
156
162
127
48
69
57
46
82
132
108
204
202
157
171
109
118
78
50
79
94
136
203
188
222
172
190
78
100
68
49
51
87
107
147
215
156
165
97
158
110
51
48
54
81
49
133
162
215
199
147
151
83
76
51
74
62
91
187
155
178
125
157
87
77
79
53
37
37
146
121
228
109
203
119
122
90
68
62
76
79
161
181
115
217
173
169
104
135
87
82
58
79
107
162
117
200
116
188
100
82
33
37
59
74
92
161
136
218
219
164
136
107
90
43
41
128
143
161
128
208
144
134
117
98
76
62
43
70
102
150
243
143
223
137
148
121
86
29
34
38
110
167
143
191
201
170
132
100
74
38
50
114
148
170
138
198
162
172
113
99
94
60
51
74
80
154
200
217
195
166
131
80
80
61
52
47
124
128
245
236
165
173
126
89
81
71
56
56
110
130
129
196
223
218
86
80
92
66
61
71
96
184
201
187
203
196
113
94
89
49
60
68
120
110
213
209
146
128
117
104
72
21
72
78
129
128
183
197
192
142
168
76
79
55
47
36
89
202
233
195
136
129
97
129
58
42
66
88
116
194
207
188
175
182
158
138
71
50
58
71
152
185
231
104
238
172
137
68
80
40
73
64
120
125
102
185
180
176
117
107
83
39
69
65
81
169
231
199
218
187
108
100
44
51
67
79
95
138
177
180
151
178
105
124
74
37
59
49
135
115
192
216
197
152
162
144
91
51
54
81
125
154
187
138
164
180
177
87
78
33
64
86
147
132
198
209
181
191
161
79
86
58
64
112
147
142
233
223
253
182
127
100
93
66
67
88
149
218
217
161
243
166
135
90
74
48
66
69
86
194
176
164
169
202
169
90
63
46
77
78
101
129
232
198
195
173
113
103
89
52
51
51
126
110
144
159
221
165
121
130
53
50
72
60
150
162
235
245
182
174
135
107
73
68
68
109
155
185
209
247
212
241
132
115
60
53
14
100
61
121
191
237
209
197
159
104
106
41
42
99
150
146
187
166
196
174
181
141
43
34
51
68
113
123
154
178
139
166
111
140
79
58
62
134
126
156
192
186
187
164
133
105
80
77
97
95
127
143
228
182
165
170
124
121
97
51
70
100
121
160
246
202
150
148
121
95
80
64
50
81
124
151
176
166
146
149
125
91
66
20
67
103
160
200
183
227
174
202
152
140
94
57
58
120
130
108
210
186
165
135
154
95
82
76
74
97
113
170
221
174
218
184
113
52
89
50
41
61
75
205
217
193
203
158
130
77
93
67
73
76
136
191
188
67
148
165
150
123
70
42
49
93
142
162
189
171
110
95
94
127
100
50
68
66
163
127
223
158
181
168
136
90
78
39
60
82
109
161
205
188
160
153
142
100
77
74
53
49
125
200
203
155
169
113
130
76
67
55
80
91
177
103
206
116
102
131
155
108
82
50
37
89
85
177
163
156
199
128
120
64
115
42
41
70
129
136
123
129
208
158
101
80
43
69
70
117
132
234
189
151
130
184
139
97
51
30
30
90
111
143
197
141
166
158
114
95
96
29
74
70
134
198
213
130
165
165
116
81
90
58
60
95
89
169
242
207
228
146
140
104
48
60
77
