41
38
46
47
49
56
59
58
52
50
44
40
36
37
37
45
49
53
58
58
57
51
43
39
33
39
44
48
51
56
60
61
56
52
44
40
38
36
41
48
52
58
57
57
54
49
41
36
37
42
47
46
50
56
57
57
55
49
41
33
37
40
36
43
49
55
55
55
53
49
40
36
32
32
41
45
48
54
55
55
53
49
43
38
39
39
39
47
51
55
58
56
54
46
42
37
36
38
39
44
49
55
53
55
53
49
38
35
36
37
44
42
50
55
57
55
55
47
40
38
39
41
43
46
47
54
58
58
54
49
42
39
38
35
42
44
45
55
56
56
54
51
42
38
39
33
37
43
48
55
60
59
55
53
38
37
37
36
39
42
51
55
56
58
55
49
42
39
39
41
41
44
50
52
59
57
56
50
42
45
39
38
41
47
49
52
57
57
52
49
41
40
40
39
43
44
49
57
59
57
55
47
40
39
42
40
40
43
50
53
56
57
51
46
42
43
41
39
39
45
46
55
60
61
53
49
42
41
40
40
40
45
50
59
61
59
54
49
41
35
35
37
42
44
47
53
58
56
53
51
41
41
35
32
43
42
50
55
56
58
55
52
45
38
32
34
38
44
47
55
59
56
54
50
42
39
36
40
39
46
49
56
56
58
56
46
43
41
38
38
43
44
50
55
58
59
56
44
43
32
34
40
42
47
50
55
59
58
54
49
43
37
42
35
44
42
47
54
61
61
53
49
43
41
35
38
40
44
48
56
60
60
54
49
45
41
34
37
39
45
49
52
57
56
54
51
37
40
36
33
41
41
50
54
58
54
52
49
44
39
35
37
39
47
49
52
58
58
53
46
43
41
39
40
41
45
49
56
57
58
55
48
41
44
44
41
42
43
52
55
61
59
54
51
43
37
41
42
46
45
50
55
58
61
53
50
43
39
35
36
43
45
51
52
60
60
54
49
42
39
38
41
43
46
51
58
58
56
53
44
41
37
39
43
42
46
49
55
57
56
52
46
38
37
38
36
42
44
47
57
59
57
53
48
47
40
37
40
40
46
50
55
60
61
55
53
45
36
41
37
39
46
47
56
59
60
55
51
39
37
37
41
45
48
50
54
60
62
55
49
46
41
39
46
44
44
51
54
58
58
56
47
41
40
39
39
43
46
51
55
59
57
58
51
45
37
41
41
45
45
50
54
57
60
55
49
42
40
36
37
39
44
52
55
59
59
54
54
44
38
40
41
43
46
52
56
58
60
56
47
44
42
39
38
44
47
52
58
62
60
56
48
45
39
40
40
43
48
52
58
58
60
56
49
45
41
42
40
44
46
49
58
60
59
57
52
42
40
39
39
39
45
50
58
62
59
59
52
45
40
42
41
43
50
50
54
58
58
55
51
45
39
40
41
41
45
51
56
59
59
55
47
42
38
37
40
44
48
51
55
59
60
56
51
44
34
35
35
42
47
49
58
60
58
55
49
40
30
37
40
43
50
51
55
57
57
56
52
48
39
39
42
47
44
48
53
57
59
54
45
41
39
39
38
36
44
50
55
62
60
55
51
40
42
40
41
44
48
52
58
61
57
57
52
46
38
38
39
43
46
49
55
57
58
54
50
44
44
39
38
42
44
51
55
59
59
58
50
40
43
39
42
44
47
53
58
58
58
55
53
41
39
38
37
39
46
53
56
63
59
54
50
46
40
38