34
40
45
48
55
58
61
62
57
54
45
41
38
37
43
50
55
61
59
59
55
50
43
38
38
44
48
48
53
56
58
59
57
51
42
35
39
41
39
46
53
56
57
57
54
51
42
38
32
33
43
47
50
58
58
57
55
51
43
38
40
41
41
48
54
56
58
58
55
48
43
38
37
38
40
47
52
57
56
57
54
49
39
38
37
39
45
42
52
58
58
57
56
48
41
39
40
42
44
47
50
57
58
59
56
49
42
41
40
35
43
47
49
58
58
59
55
52
42
38
41
35
37
45
51
57
60
61
56
54
39
38
38
36
41
44
53
60
57
60
55
49
43
41
40
42
43
47
53
54
60
59
57
52
44
46
40
40
43
48
52
53
60
58
54
51
42
42
41
39
44
45
51
58
61
59
56
48
42
40
43
42
42
48
53
57
57
59
52
47
43
44
42
40
41
47
50
58
61
64
53
50
43
43
42
41
41
47
52
59
64
62
55
50
43
35
36
38
44
45
51
57
62
59
54
53
41
42
37
36
43
44
55
57
58
58
56
53
46
38
33
35
39
45
49
57
58
57
54
51
43
40
36
41
40
49
54
56
58
58
56
47
43
42
40
38
44
47
53
56
59
60
56
45
45
31
36
42
43
49
52
58
62
59
55
50
44
39
42
36
44
44
50
56
64
63
54
49
45
43
36
40
42
48
53
58
63
63
54
50
45
42
34
38
41
47
52
55
59
57
55
51
38
42
37
33
42
43
51
57
58
56
53
50
45
41
35
39
40
49
51
55
60
58
55
46
43
41
39
41
42
47
52
59
57
58
55
49
42
46
45
41
43
44
54
57
62
58
54
51
42
36
43
43
46
46
55
56
60
60
54
50
42
40
37
37
45
47
54
54
63
61
56
49
43
41
40
42
44
46
55
60
59
57
53
44
43
39
41
43
43
47
51
57
57
56
53
45
40
38
39
37
43
46
51
55
61
58
53
49
49
42
39
41
41
49
52
59
62
64
56
53
45
35
42
38
41
47
49
57
59
61
57
52
41
38
39
43
46
50
52
57
61
64
55
49
47
42
41
47
45
46
54
56
59
58
57
48
43
43
41
41
44
49
54
56
61
59
58
51
45
39
42
42
46
46
54
57
61
61
57
50
44
41
38
40
41
46
56
56
60
60
55
55
46
39
43
43
45
49
53
57
59
62
56
47
46
40
39
39
45
51
53
59
63
62
56
47
47
41
42
41
44
50
55
58
60
62
57
49
47
44
43
41
46
48
52
59
61
60
57
53
44
42
41
41
41
47
53
60
65
60
59
53
46
44
44
43
45
52
53
59
59
59
55
52
46
41
42
43
42
47
56
56
61
59
55
47
43
39
39
41
44
50
53
59
61
60
57
52
45
35
35
36
43
49
52
60
60
59
57
50
40
29
38
42
43
52
52
55
60
58
56
52
48
41
40
42
48
45
52
55
58
60
54
46
43
39
40
39
38
45
51
57
64
60
55
52
41
44
41
42
45
50
54
59
62
58
58
51
46
40
39
40
43
47
49
55
58
59
54
50
46
45
40
39
44
45
54
59
59
60
58
50
40
44
40
42
45
48
55
58
59
58
55
52
42
39
38
38
40
47
55
60
63
59
54
49
45
42
39