41
42
51
76
24
82
114
15
27
141
130
200
101
107
57
108
67
64
91
87
79
79
146
143
100
128
61
96
52
37
69
146
155
150
114
122
220
104
38
72
62
53
77
137
182
61
68
114
18
13
153
62
96
62
80
87
90
127
192
51
62
30
55
77
86
68
58
146
132
67
96
154
127
24
69
75
86
103
98
108
144
126
55
139
72
131
93
80
88
112
34
105
116
83
100
175
91
132
139
47
121
38
78
69
109
257
82
59
89
69
126
54
124
28
82
70
140
162
93
46
103
42
20
40
112
71
54
58
73
62
146
103
100
114
48
84
38
56
69
90
129
152
166
66
100
106
40
38
49
31
94
99
25
137
79
91
106
56
48
122
122
103
46
49
11
33
134
128
111
80
53
66
77
64
67
66
69
46
119
144
219
65
51
5
51
37
69
74
120
35
148
181
233
59
37
64
18
53
53
44
191
108
121
44
132
75
118
63
127
38
42
9
75
123
124
81
81
129
123
85
50
39
48
86
160
179
156
65
121
78
149
31
7
85
72
106
166
47
200
100
97
15
157
65
43
77
40
134
78
150
205
177
70
73
74
8
22
75
112
130
129
137
143
185
89
90
150
14
126
78
83
16
247
165
148
30
118
96
153
33
82
69
16
126
161
153
184
154
205
48
100
37
108
58
28
34
153
236
19
148
193
87
53
19
17
37
12
29
130
202
192
133
53
31
81
62
56
70
165
186
288
55
115
178
151
9
163
56
166
41
88
121
31
162
205
247
65
81
119
55
59
117
53
106
114
151
81
120
161
112
146
68
62
13
145
138
116
144
84
96
174
171
199
53
25
76
22
134
83
131
42
83
252
246
181
74
62
104
53
78
65
207
59
152
149
63
98
129
9
96
87
49
120
103
185
136
125
174
146
74
84
29
73
172
162
79
183
95
278
21
109
119
97
43
63
62
74
72
101
218
194
79
218
91
13
90
69
124
55
72
142
278
182
183
104
36
63
26
106
22
128
280
70
41
67
89
60
83
50
34
59
42
50
194
149
82
39
250
84
48
73
67
48
31
114
80
75
147
134
158
82
89
51
89
123
107
74
240
158
121
199
102
107
67
81
97
71
45
144
60
184
297
155
151
83
55
34
59
43
106
161
176
113
178
68
82
60
55
21
50
93
80
64
142
78
52
169
210
106
69
95
111
76
101
56
176
132
44
107
46
59
45
112
72
46
24
70
24
133
133
154
72
72
88
40
99
42
203
130
183
63
155
204
77
78
99
105
66
27
65
104
175
84
68
95
54
126
69
109
49
56
72
119
122
270
299
217
123
114
31
81
95
76
108
60
70
100
142
260
134
145
55
21
91
116
151
101
222
79
119
137
23
98
55
107
38
121
173
69
100
251
65
52
77
75
81
17
30
132
71
133
122
113
45
102
167
81
54
146
88
80
126
153
188
180
234
140
63
44
59
63
132
124
129
111
131
135
184
133
61
32
82
94
35
75
52
78
196
86
236
167
180
121
76
87
51
49
94
15
162
79
176
216
106
145
56
141
71
137
83
29
66
278
275
192
173
72
80
73
57
96
75
135
36
80
96
71
130
102
23
52
120
76
105
105
149
91
106
175
68
70
70
28
61
59
79
99
111
155
111
52
