48
66
131
196
236
137
103
121
85
78
55
22
30
75
122
185
218
231
116
100
92
67
46
25
32
64
148
134
171
154
104
178
93
69
45
11
20
68
75
143
174
166
144
132
93
56
46
32
38
58
88
105
197
202
127
159
155
42
51
31
28
44
146
117
151
228
167
100
125
71
52
17
23
52
150
137
274
175
148
83
117
56
53
54
43
81
92
162
212
241
163
98
104
98
25
12
30
71
141
105
236
154
103
116
102
62
41
37
30
52
55
140
209
101
126
187
112
81
31
36
60
39
124
174
175
164
57
204
113
134
38
20
32
62
78
145
186
211
101
117
103
65
36
34
45
58
133
147
212
176
119
85
90
94
49
15
39
47
57
215
238
92
130
75
100
63
43
16
40
22
113
101
169
119
169
94
109
53
38
40
16
41
66
95
93
120
171
167
124
73
53
21
37
55
62
110
162
188
86
159
109
81
60
20
28
53
100
158
259
141
92
179
114
111
47
39
58
86
118
109
176
121
132
199
104
103
54
21
35
74
113
134
231
166
131
97
100
94
41
24
22
60
136
113
147
271
144
114
156
52
47
16
22
74
73
141
238
118
168
187
103
83
63
26
44
60
102
166
254
210
92
127
89
86
34
31
34
58
94
161
192
117
129
111
92
97
57
15
29
69
133
169
194
168
85
112
115
53
38
25
39
46
138
192
148
194
104
134
112
76
46
21
45
96
102
161
226
185
215
146
100
58
51
23
38
57
147
156
146
205
179
131
78
67
21
19
27
80
83
169
178
208
86
136
118
56
39
36
33
46
137
132
196
177
152
114
118
83
52
28
44
83
118
130
241
206
75
104
140
104
38
29
39
93
130
139
177
207
152
132
151
69
56
43
61
65
79
173
220
156
89
122
118
84
62
26
36
69
125
230
152
155
182
158
96
57
45
27
66
76
111
182
203
171
180
112
98
66
49
28
36
73
119
129
151
160
131
145
75
81
28
20
41
31
110
153
124
132
153
132
70
85
62
30
32
70
91
171
182
134
136
169
82
77
57
20
18
70
102
129
201
223
116
126
91
99
36
24
33
98
92
165
198
184
155
214
131
56
73
23
28
81
137
186
138
206
116
143
108
58
37
34
37
84
126
178
135
278
96
113
85
45
49
23
23
48
106
121
180
173
151
153
117
88
29
24
36
66
124
138
150
150
158
93
98
87
48
19
26
52
109
139
184
115
127
144
92
100
32
19
15
45
148
208
158
181
132
156
148
87
47
17
32
106
113
111
256
217
135
116
130
91
48
17
32
74
110
152
153
116
145
251
117
84
58
32
52
98
89
139
225
195
150
190
134
69
38
41
27
79
93
158
222
163
102
76
89
66
29
21
35
88
117
126
177
157
67
101
110
88
44
20
46
55
107
144
209
136
101
110
104
73
33
17
19
57
109
185
184
140
82
102
88
100
38
33
33
61
116
126
191
244
151
123
100
75
37
23
20
54
67
163
168
175
198
105
72
74
41
23
30
46
70
187
237
122
75
161
76
89
40
38
52
84
115
126
222
166
101
122
99
95
41
22
39
98
103
187
119
233
111
158
92
81
39
20
30
47
118
123
183
187
82
96
148
119
35
42
41
60
99
122
184
133
106
92
80
70
38
18
28
57
109
137
191
157
155
107
121
63
56
32
28
58
63
160
234
105
185
96
98
97
43
13
40
67
91
115
130
166
171
128
114
50
35
15
16
45
67
104
248
187
111
123
87
68
33
14
18
23
104
141
217
102
70
87
115
53
62
21
27
86
98
131
294
135
146
109
121
77
44
30
30
58
88
96
156
195
177
194
100
88
50
57
38
58
93
106
235
142
107
92
150
73
57
43
42
67
83
104
196
169
167
211
113
83
48
32
34
28
63
201
168
206
107
121
123
103
64
25
38
58
108
146
184
124
176
194
114
85
38
31
33
57
85
150
240
182
142
147
133
96
52
23
79
66
156
166
205
165
101
162
112
72
35
44
26
68
108
148
214
161
106
128
82
72
36
25
28
56
70
172
126
122
116
144
84
102
44
28
23
65
122
105

89
123
147
118
51
31
17
24
53
88
157
169
101
85
105
81
62
40
31
39
59
75
145
171
124
140
65
89
48
29
16

51
130
158
173
206
119
70
106
59
20
30
22
64
96
179
289
136
137
134
75
70
20
19
26
32
93
151
200
252
146
96
65
74
46
32
49
50
92
113
158
131
106
90
104
92
49
38
32
66
82
141
162
162
122
101
78
58
54
16
31
38
108
149
245
167
96
112
98
93
41
28
28
72
132
182
182
136
183
102
102
65
31
11
29
54
104
164
127
141
194
144
101
77
53
20
30
45
124
184
169
94
121
112
111
71
31
21
20
83
116
143
212
133
76
126
94
107
57
24
35
75
126
101
203
114
166
122
97
57
43
17
33
89
126
186
203
173
113
77
97
73
64
22
39
