43
42
40
41
45
50
52
55
56
53
49
47
46
45
42
42
44
49
55
57
57
53
48
45
43
40
41
44
47
51
56
59
57
56
51
44
41
43
45
41
44
48
54
59
57
55
49
45
46
43
42
45
45
50
54
57
58
55
49
45
40
40
40
44
44
50
54
57
57
55
50
45
44
43
41
39
47
50
54
56
57
55
50
45
41
43
42
47
46
49
52
55
57
55
50
47
42
40
44
44
46
50
54
56
58
56
49
47
43
38
40
42
47
52
57
56
57
53
50
45
43
37
39
41
44
48
55
57
56
57
52
46
46
41
40
41
47
50
53
55
57
53
49
45
46
43
44
45
47
50
54
57
56
54
52
46
44
45
41
43
48
49
53
58
58
53
48
44
43
37
44
47
47
50
53
57
58
56
53
49
45
43
43
43
47
51
52
55
55
55
50
46
42
40
33
38
45
50
53
56
61
55
52
45
44
41
42
46
47
50
53
56
56
54
50
48
45
43
44
43
47
50
55
58
57
57
53
47
42
44
40
45
44
51
55
57
57
53
49
43
38
40
39
40
43
49
53
56
56
55
52
47
44
39
42
44
47
51
52
56
57
51
49
42
42
43
43
45
44
51
55
56
57
55
52
48
46
42
40
43
46
51
54
54
55
53
50
45
45
38
37
41
48
48
54
58
59
56
49
49
43
41
39
44
45
50
52
57
54
55
50
47
45
43
41
46
47
50
55
56
57
53
51
46
44
41
40
40
45
48
54
56
57
57
52
48
43
39
44
45
47
53
55
57
58
57
54
47
43
41
40
43
48
53
56
57
57
55
51
46
42
41
44
47
47
50
54
55
55
55
50
44
39
42
41
38
45
48
53
56
55
53
52
45
42
36
36
43
45
48
55
55
54
53
51
45
42
44
42
42
46
52
53
55
55
55
50
47
42
40
41
42
45
50
54
54
55
53
52
42
41
40
41
44
43
49
55
55
55
55
49
43
42
42
43
43
45
48
53
56
56
55
49
45
43
42
38
43
46
47
54
56
57
55
53
45
42
42
37
40
45
49
54
56
57
55
54
41
42
41
38
40
43
51
57
53
57
54
50
45
43
43
43
44
46
50
52
56
56
56
52
46
46
41
42
43
46
50
51
55
54
52
52
44
45
44
41
44
44
49
53
56
57
54
49
44
42
44
43
42
47
50
53
55
56
52
48
44
45
43
43
41
45
48
54
57
59
53
52
46
45
43
42
43
47
50
55
59
59
55
50
45
39
40
40
44
44
49
52
57
57
53
53
44
44
40
39
43
44
51
53
55
56
55
52
47
42
37
38
39
44
46
54
55
55
53
52
45
43
40
42
41
47
51
54
55
57
56
49
45
44
43
41
43
46
51
52
55
57
55
46
46
38
40
43
43
47
50
56
57
57
54
51
45
42
43
39
44
43
48
53
58
58
54
50
47
45
38
42
42
47
49
54
57
59
54
50
45
44
37
41
41
46
49
53
56
55
54
52
41
43
40
35
42
42
48
54
55
54
52
51
46
42
39
41
40
47
49
52
56
55
54
48
46
44
41
42
42
46
52
54
55
55
53
50
46
47
46
42
43
43
50
53
58
57
54
51
45
41
44
42
45
45
51
54
57
57
53
51
45
43
41
39
45
46
50
51
59
58
55
50
45
45
44
44
44
46
52
56
56
55
52
47
45
42
42
45
44
47
50
54
54
55
53
47
45
41
41
40
42
45
50
52
57
56
54
50
50
44
41
42
41
46
49
54
58
60
55
53
48
40
44
40
42
46
47
53
55
57
56
51
43
41
41
42
46
48
50
54
58
60
55
51
49
45
43
47
45
45
51
53
55
56
56
49
45
45
42
42
44
47
51
52
57
57
56
52
47
42
43
43
45
45
51
53
57
58
56
50
45
43
41
41
41
45
51
52
56
57
54
54
48
43
46
43
45
47
51
54
55
58
56
49
48
43
42
43
46
49
50
55
59
59
55
49
48
44
44
42
45
48
51
55
56
60
56
48
48
45
45
42
46
47
49
55
57
57
56
53
46
45
44
43
41
45
50
55
59
57
58
54
47
46
45
44
44
49
50
56
56
56
54
53
48
45
43
44
43
46
54
54
58
58
55
49
46
42
42
43
44
48
51
55
58
57
55
52
46
41
39
38
43
46
49
56
57
56
56
51
42
37
42
43
45
50
51
53
56
55
55
52
50
43
43
45
47
45
50
53
55
58
54
48
45
42
43
41
40
44
48
54
59
57
55
52
45
45
43
43
45
49
51
56
59
56
56
51
49
43
41
41
43
45
48
52
55
56
55
52
47
45
43
41
44
44
52
56
56
58
56
52
45
47
44
44
45
47
52
55
57
57
55
53
45
43
41
40
40
46
52
56
58
56
53
50
48
45
43