161
140
117
37
58
88
99
91
26
58
100
167
88
143
7
67
87
30
48
110
89
93
130
127
112
108
90
67
81
61
54
113
154
35
151
92
65
117
18
65
85
72
89
84
113
203
143
42
130
73
103
56
80
25
54
55
128
129
184
180
95
78
62
65
37
58
56
57
70
104
96
111
117
122
75
30
62
64
63
86
90
115
57
46
66
165
83
109
9
67
90
97
108
124
169
189
97
70
113
70
40
30
51
139
46
89
50
179
100
52
76
99
49
42
47
111
57
84
187
137
152
15
82
49
17
22
21
85
88
42
102
115
68
137
63
59
56
62
61
94
126
158
134
61
187
127
87
54
83
85
96
76
116
112
243
132
98
158
38
38
59
84
74
76
80
165
197
167
148
114
135
70
45
67
100
110
59
158
170
28
151
219
89
86
40
14
104
97
117
110
14
99
132
97
5
50
148
92
94
89
4
130
48
149
88
167
112
86
53
44
96
97
101
169
171
120
189
127
87
80
139
52
34
37
88
87
190
187
175
97
131
85
87
32
74
176
124
233
175
119
104
220
102
76
71
18
43
83
104
96
98
177
185
134
50
120
52
35
88
71
90
88
116
52
132
77
83
34
72
58
37
115
118
143
113
203
118
159
95
118
36
104
88
77
81
216
140
225
141
86
77
22
73
50
86
10
33
163
166
45
160
96
55
36
60
76
63
105
193
107
103
93
162
148
82
119
45
70
60
129
94
75
125
60
140
146
88
19
53
69
84
46
79
106
103
68
117
53
30
87
78
17
68
134
36
54
149
135
175
70
85
58
73
51
75
87
70
94
52
158
151
130
139
65
85
47
51
88
138
155
165
85
83
210
67
53
53
47
78
41
124
149
76
88
116
17
20
133
44
94
47
61
93
90
106
109
41
50
24
24
97
87
81
74
115
157
137
122
142
136
20
90
92
45
111
108
107
72
164
44
137
59
92
93
49
85
62
66
33
113
72
107
166
104
88
145
66
71
68
96
53
154
199
120
104
115
47
101
33
57
45
28
54
128
151
61
81
114
45
5
37
49
64
72
54
111
180
143
121
68
99
52
61
69
36
136
68
174
126
164
73
87
83
62
91
48
49
57
94
93
150
106
75
100
83
76
133
95
90
78
66
43
86
110
110
131
83
59
34
68
79
66
94
111
66
99
159
230
116
61
8
45
73
72
103
137
63
137
179
230
38
54
90
15
44
100
56
164
100
152
66
136
72
98
51
84
103
51
11
49
218
160
85
89
80
113
61
28
27
53
71
120
152
124
73
169
44
163
15
24
39
53
61
158
83
183
113
135
40
109
61
71
42
122
100
138
122
215
140
110
95
77
20
18
88
94
95
228
160
147
156
126
63
84
16
78
59
90
90
163
156
169
97
163
137
134
33
82
49
24
104
197
130
178
140
146
32
114
40
41
66
37
70
106
216
44
163
208
85
58
64
16
50
38
58
150
238
144
149
66
36
61
98
48
24
193
230
170
74
104
173
154
6
130
70
174
33
66
71
47
138
196
229
62
82
181
36
67
48
107
116
119
165
102
122
150
121
145
30
42
56
155
183
142
135
102
101
154
184
172
78
30
57
43
219
95
215
68
69
168
246
156
116
34
102
71
110
135
171
78
134
116
87
120
115
37
83
84
70
110
145
200
116
85
151
151
122
48
33
91
186
146
107
210
115
259
66
86
155
52
92
87
65
63
45
96
209
180
71
143
107
41
112
83
73
98
105
133
205
183
145
154
41
65
28
90
34
86
195
103
44
89
129
50
100
58
73
76
129
56
247
184
68
44
202
89
55
53
23
75
97
106
81
114
166
208
124
91
44
38
71
114
139
35
188
138
157
174
89
94
79
50
88
68
78
157
104
173
260
125
158
77
51
43
62
20
88
137
226
128
166
110
61
30
32
23
62
63
96
88
184
145
90
155
187
82
100
92
136
100
36
80
119
137
52
101
56
78
52
86
69
75
34
92
58
184
124
141
54
86
80
35
68
75
122
193
143
94
146
148
71
84
109
86
86
39
119
140
126
110
111
77
59
114
81
99
69
82
66
123
185
136
178
144
106
77
47
70
64
57
114
66
118
98
100
162
110
126
64
34
109
83
108
79
180
117
124
152
48
88
111
94
47
101
206
72
164
240
98
73
74
54
57
52
30
129
99
108
124
140
49
100
124
64
80
158
84
51
123
165
176
122
262
138
133
43
51
57
82
83
63
98
103
163
178
140
72
25
97
92
59
48
103
110
118
127
219
187
206
101
48
110
47
118
101
27
250
128
187
178
96
141
61
123
69
166
75
41
74
190
269
186
154
92
77
60
55
145
124
137
37
117
131
83
123
104
36
56
79
116
182
133
167
129
128
182
112
68
71
57
48
73
104
140
152
112
109
76
