48
66
77
28
61
21
92
41
59
49
105
84
58
64
51
58
13
23
64
23
86
28
97
112
76
33
53
43
79
86
33
31
33
94
66
86
94
18
53
58
20
79
36
64
81
127
125
41
48
58
36
31
36
41
140
127
102
48
53
97
81
38
86
51
15
74
20
86
97
71
125
125
84
60
81
51
73
20
48
24
62
16
85
61
72
29
41
26
43
28
62
47
81
59
50
105
83
46
43
87
47
46
80
52
71
39
68
61
101
62
18
70
93
57
70
91
85
112
111
111
50
57
40
26
58
37
98
58
103
60
38
38
40
77
59
42
54
35
78
47
47
74
48
66
56
53
71
69
48
39
40
51
76
159
62
90
63
50
41
107
53
73
33
51
83
102
92
22
119
43
43
41
37
81
55
53
61
65
116
88
33
36
22
43
49
97
33
122
89
112
81
143
51
31
41
54
38
81
35
142
98
93
98
52
80
74
30
46
125
73
75
27
24
74
67
71
87
14
52
75
36
17
76
69
97
125
74
51
45
87
47
34
18
37
56
65
30
99
75
28
47
41
53
134
45
27
58
104
59
124
51
64
91
65
49
73
14
23
66
74
104
116
116
78
103
38
35
33
50
28
121
64
70
88
67
83
99
88
50
29
18
70
50
79
44
64
37
56
90
52
54
40
66
89
88
60
75
113
71
50
94
32
50
25
20
31
118
40
41
40
105
85
36
18
45
74
44
25
115
64
58
57
99
50
30
69
38
37
23
13
50
105
40
88
82
53
111
58
31
25
50
25
98
44
82
109
34
91
59
83
27
64
56
45
89
85
90
43
104
52
93
51
68
52
61
75
35
40
78
76
107
80
93
49
29
45
64
73
74
59
64
95
32
137
34
83
41
32
36
69
88
50
55
10
107
48
75
36
44
46
31
64
22
1
99
41
128
90
100
58
27
41
43
73
44
75
79
110
56
76
101
53
89
44
50
36
17
100
60
29
72
99
88
48
66
62
18
50
90
87
122
44
104
116
66
88
93
62
12
21
94
75
37
49
130
62
93
62
71
12
46
74
41
88
62
89
91
92
71
40
32
54
65
42
105
73
53
30
63
59
47
48
54
28
69
87
79
60
70
144
114
139
94
79
42
34
65
15
9
15
83
104
59
124
138
47
41
43
36
61
92
70
48
69
93
87
78
30
88
26
34
77
102
130
83
51
55
103
104
127
75
38
83
23
54
81
21
88
34
87
193
9
43
49
39
37
69
50
26
102
109
80
93
135
27
46
15
49
74
99
62
77
64
69
62
56
51
55
32
33
63
74
65
69
49
73
75
65
75
63
51
55
33
120
56
37
70
105
38
21
59
28
53
65
38
135
70
48
126
29
29
55
33
27
41
52
40
140
118
47
64
75
91
45
24
70
60
40
98
56
103
56
87
96
46
67
81
13
68
107
87
86
76
136
102
138
101
57
88
44
61
33
34
68
91
91
81
122
78
52
55
65
53
68
74
57
44
105
34
56
140
50
19
56
50
35
41
59
89
73
83
93
52
98
69
60
37
20
68
97
69
105
168
50
75
30
72
22
58
60
57
50
33
54
90
39
63
69
22
52
37
66
47
35
25
23
97
28
31
67
14
96
49
44
54
103
82
57
162
103
51
69
35
15
51
56
56
67
66
72
114
81
81
15
40
59
33
22
46
59
92
22
71
83
134
57
75
15
30
23
34
21
94
84
33
64
78
61
46
74
70
60
33
83
62
31
111
42
92
72
95
35
21
30
51
42
114
56
69
63
67
24
72
87
68
60
87
72
57
105
131
107
76
58
72
15
10
56
59
66
99
116
135
111
98
59
73
31
43
86
64
62
103
131
125
72
81
26
92
36
62
14
49
73
103
71
117
116
104
48
72
42
34
51
24
25
88
93
32
115
137
59
56
48
12
51
35
17
99
176
137
86
83
30
77
88
76
89
91
127
98
20
140
81
78
22
57
43
63
44
67
73
68
66
42
115
50
67
117
42
42
32
99
54
63
114
69
58
86
60
80
50
55
13
87
91
63
102
77
67
25
86
43
50
34
31
57
66
47
74
43
49
40
115
70
54
26
70
45
83
95
71
89
77
45
45
89
24
50
74
64
35
45
72
128
51
47
64
88
62
44
41
65
151
96
97
80
50
94
31
57
34
66
45
86
64
31
85
41
75
83
30
71
47
20
46
47
53
86
61
95
63
98
74
67
74
74
49
47
17
160
60
70
38
23
107
64
58
69
28
33
30
36
114
164
98
36
102
94
61
81
78
43
39
49
33
81
72
102
88
86
52
30
62
121
64
87
168
106
68
80
91
47
60
65
93
30
58
80
78
71
117
71
66
73
87
47
48
26
65
60
94
113
97
27
79
38
33
42
51
81
102
106
130
88
94
84
117
54
43
25
62
105
35
30
118
107
64
103
31
31
51
79
74
36
29
55
96
63
95
96
49
37
64
27
88
49
58
66
111
80
55
96
65
58
37
58
80
40
82
50
81
92
68
23
31
56
56
53
38
38
83
63
235
96
58
76
87
51
37
68
30
94
90
51
32
107
62
118
37
58
59
9
67
30
59
67
89
53
73
37
71
76
34
52
45
105
90
94
127
128
63
50
73
53
43
54
26
88
65
83
49
68
58
68
52
50
28
87
54
23
180
59
74
39
96
92
43
16
78
27
44
55
62
84
96
62
125
60
48
34
37
50
23
40
43
53
85
109
61
83
78
36
33
46
45
49
122
39
95
93
69
100
29
62
37
83
66
81
83
25
67
72
53
142
76
34
64
35
39
112
64
67
49
53
59
96
57
64
40
26
129
73
80
88
88
139
72
56
34
67
39
33
18
36
44
87
95
53
33
63
