38
41
39
46
46
51
54
55
51
48
43
38
38
38
39
42
44
49
53
54
52
46
39
37
41
38
37
43
45
48
53
52
51
47
44
39
37
37
37
38
45
51
54
55
52
43
43
38
34
41
40
41
49
49
53
55
47
47
42
41
39
35
36
43
47
51
52
53
50
45
37
38
37
40
41
42
46
50
53
52
50
50
45
40
40
42
41
44
47
50
54
52
52
50
41
41
38
39
40
39
47
49
51
52
50
46
43
42
41
 ;
42
42
44
49
55
53
50
46
39
39
41
40
37
42
45
50
54
55
51
48
46
44
41
39
40
42
47
52
56
53
49
47
40
36
41
41
42
45
45
50
55
55
52
43
42
41
39
41
43
41
44
48
54
54
50
47
42
39
39
40
41
43
46
48
53
52
51
48
44
41
37
37
43
40
47
49
53
53
53
46
43
41
40
38
37
43
46
52
54
55
53
48
41
41
37
37
36
42
47
49
54
 ;
50
46
46
42
42
42
40
40
46
50
55
55
51
45
42
42
38
37
43
44
46
53
58
57
53
48
44
41
41
 ;
39
42
47
51
56
55
53
47
42
45
41
38
43
42
45
51
55
56
52
45
44
37
37
37
41
41
46
51
55
56
53
47
43
40
40
37
36
43
48
52
55
55
52
49
43
38
41
40
46
44
47
51
54
54
52
48
44
40
37
42
41
43
48
52
54
55
54
46
44
40
35
37
39
43
49
54
54
53
50
48
43
40
35
36
37
40
44
51
55
54
55
47
44
41
36
36
38
44
46
50
54
55
52
46
43
42
39
42
43
46
47
52
54
53
52
50
42
41
40
39
39
45
47
51
55
56
51
47
40
39
33
41
45
45
48
52
57
55
53
50
47
42
39
38
41
46
47
52
56
54
53
48
44
39
39
31
 ;
 ;
 ;
 ;
 ;
58
53
50
41
40
37
39
44
44
46
52
55
54
52
46
44
43
39
41
39
46
48
51
55
55
55
50
44
39
41
37
43
42
47
54
55
57
52
48
40
34
37
38
38
40
45
50
55
55
54
50
45
40
34
37
41
46
49
50
55
55
48
46
38
37
40
41
43
41
49
52
54
55
55
50
45
43
39
37
40
44
48
51
54
54
50
48
42
41
35
33
38
46
44
51
57
58
55
46
45
38
36
36
40
41
49
50
54
51
53
47
43
42
41
38
44
45
46
51
54
54
50
48
43
39
36
36
36
43
45
51
55
55
55
50
44
39
33
40
43
45
49
53
57
57
54
51
45
41
38
36
41
46
50
55
55
54
52
49
44
38
38
41
45
44
47
52
54
55
54
49
40
35
38
39
35
42
46
52
52
52
50
49
41
38
33
35
42
44
47
52
53
53
52
48
42
39
41
40
40
45
49
52
54
53
51
47
43
37
36
39
39
43
47
52
51
53
52
50
38
36
38
38
41
41
47
53
54
53
53
48
40
38
39
41
41
43
46
52
56
55
54
47
42
39
37
35
40
43
44
52
53
54
52
50
42
40
40
33
37
42
46
53
57
57
52
51
37
39
38
34
37
41
49
54
53
56
53
47
42
40
41
41
41
43
50
50
54
54
54
50
42
44
40
40
42
44
48
50
55
53
50
49
41
41
41
37
43
41
47
53
55
55
52
46
40
38
41
40
41
44
48
52
54
55
50
45
43
41
39
40
39
42
45
52
55
58
51
50
43
42
38
41
40
44
48
54
58
56
52
49
43
35
37
37
42
42
46
49
54
54
51
50
41
41
36
34
41
41
48
52
53
54
51
49
43
40
33
34
37
43
45
52
54
54
52
50
41
39
38
39
39
44
46
53
54
55
54
46
42
40
37
38
40
42
48
51
55
55
54
42
42
34
36
40
41
44
47
52
56
55
52
49
42
38
40
36
42
40
46
51
56
56
52
47
44
42
34
40
40
43
46
52
56
57
51
48
45
42
35
39
39
43
47
50
55
54
51
50
38
39
37
34
40
40
48
52
55
51
49
49
43
39
37
37
38
46
46
48
54
54
52
47
43
41
39
39
39
43
48
53
55
55
53
48
43
44
44
39
41
42
48
51
56
55
52
48
44
39
41
41
43
43
48
52
55
57
51
49
43
40
38
37
43
44
48
48
56
58
52
48
43
41
41
41
41
44
49
53
55
54
52
44
42
38
38
42
42
44
46
51
52
53
51
45
42
36
37
37
39
43
46
52
56
55
51
46
46
40
37
38
38
43
46
51
56
58
52
50
45
36
41
37
39
44
44
53
54
57
 ;
49
39
38
38
39
43
45
47
51
56
59
52
48
47
42
40
 ;
41
42
48
50
54
55
54
46
41
41
38
37
42
45
48
51
56
55
55
49
44
37
40
39
42
42
48
51
53
55
54
49
42
41
37
36
38
43
49
51
55
56
51
53
43
38
41
38
42
46
49
54
55
57
54
46
45
42
39
39
44
47
49
56
59
58
54
46
45
39
38
38
43
46
49
53
55
56
53
48
44
41
40
39
42
45
47
53
55
55
54
51
43
42
41
40
38
43
47
54
59
56
56
51
45
41
41
41
43
49
48
52
54
55
52
50
43
40
39
41
39
44
50
53
56
57
54
46
43
39
40
39
42
47
49
51
57
57
55
49
45
38
37
36
41
45
46
54
56
55
52
49
39
33
38
41
42
49
49
52
54
54
54
50
49
38
39
42
46
42
46
49
54
56
52
44
42
38
40
38
37
42
47
53
59
57
53
51
42
42
41
41
44
46
49
55
57
55
55
50
47
39
38
40
42
44
46
51
54
56
53
50
44
43
39
38
42
42
49
52
56
56
56
50
41
44
41
42
43
45
51
54
55
56
54
51
41
39
38
37
39
45
50
54
59
56
52
48
47
42
39