1.98025
2.052
2.082047
1.998422
2.023721
2.061137
2.013647
1.982899
2.019081
2.022937
2.009387
2.034176
2.00111
2.046477
2.055851
1.993284
2.09587
2.06376
2.000755
2.026124
2.00275
2.04299
2.078221
2.09481
2.025256
2.01826
1.99867
2.037498
1.985219
2.012161
2.050327
2.067566
2.075754
2.067725
2.060987
2.099156
2.099315
2.081624
2.047419
2.088136
2.065929
2.068793
2.078025
2.011874
1.996769
2.037952
1.963369
2.089477
2.093843
2.09532
0.5776312
2.094502
